-4.591625 -5.025235 -4.764292
-3.798413 -4.222558 -4.093596
-3.594995 -3.928938 -3.779096
-3.382646 -3.630062 -3.428442
-3.117199 -3.442808 -3.274474
-2.890267 -3.264266 -3.129195
-2.796050 -3.176898 -3.073838
-2.703342 -3.101430 -2.988027
-2.613462 -2.998274 -2.895876
-2.547568 -2.885785 -2.791183
-2.487091 -2.769459 -2.697836
-2.439550 -2.675004 -2.599491
-2.390804 -2.587462 -2.502819
-2.348693 -2.504580 -2.401507
-2.299358 -2.428647 -2.314806
-2.257551 -2.353492 -2.236235
-2.209634 -2.298004 -2.177017
-2.170636 -2.260401 -2.139821
-2.118059 -2.223893 -2.110015
-2.055830 -2.184613 -2.070307
-1.986883 -2.140567 -2.040674
-1.930294 -2.093643 -2.004747
-1.885169 -2.058936 -1.971596
-1.852041 -2.023527 -1.936889
-1.814903 -1.990682 -1.905351
-1.774318 -1.953050 -1.869551
-1.734772 -1.911281 -1.826844
-1.696758 -1.870651 -1.790225
-1.666502 -1.837566 -1.751274
-1.634614 -1.799699 -1.713324
-1.598606 -1.755180 -1.681091
-1.563050 -1.721387 -1.655248
-1.531923 -1.688081 -1.619609
-1.506857 -1.656810 -1.594026
-1.481248 -1.621223 -1.569428
-1.460324 -1.597321 -1.539688
-1.434143 -1.560668 -1.513024
-1.418746 -1.528985 -1.479952
-1.400760 -1.506313 -1.451641
-1.375478 -1.485077 -1.423192
-1.360405 -1.463975 -1.400962
-1.344379 -1.446004 -1.370614
-1.328619 -1.419033 -1.345755
-1.317790 -1.389129 -1.322985
-1.291134 -1.360469 -1.291035
-1.273704 -1.343213 -1.271882
-1.256866 -1.318041 -1.246383
-1.234773 -1.299189 -1.225664
-1.219847 -1.279832 -1.202682
-1.203487 -1.241558 -1.187120
-1.185666 -1.219301 -1.161574
-1.172010 -1.211673 -1.163583
-1.157379 -1.185314 -1.140011
-1.141359 -1.173317 -1.121001
-1.119022 -1.156219 -1.106140
-1.105629 -1.126673 -1.092029
-1.089867 -1.102920 -1.067587
-1.074703 -1.085035 -1.052696
-1.051398 -1.066452 -1.039321
-1.035040 -1.037776 -1.034875
-1.009148 -1.028123 -1.021016
-0.987664 -1.017444 -1.003680
-0.955668 -1.014057 -1.002018
-0.942997 -1.019967 -0.986018
-0.936444 -1.027940 -0.972456
-0.917169 -1.011970 -0.962070
-0.904441 -1.002845 -0.953680
-0.894554 -0.990547 -0.940864
-0.888166 -0.978837 -0.923202
-0.891588 -0.960285 -0.911099
-0.877047 -0.938940 -0.882773
-0.875491 -0.923186 -0.873756
-0.854066 -0.904090 -0.859421
-0.844965 -0.885450 -0.837365
-0.851873 -0.868901 -0.823024
-0.841431 -0.852294 -0.807523
-0.826730 -0.831785 -0.789660
-0.806923 -0.817264 -0.771740
-0.791014 -0.796245 -0.756442
-0.771367 -0.777432 -0.749975
-0.748328 -0.760732 -0.729444
-0.726643 -0.738447 -0.711615
-0.710271 -0.720354 -0.704641
-0.682171 -0.701646 -0.682998
-0.667129 -0.685006 -0.672453
-0.651083 -0.666090 -0.656792
-0.632918 -0.647085 -0.639339
-0.607001 -0.631230 -0.625512
-0.591017 -0.612973 -0.614754
-0.575569 -0.595173 -0.597754
-0.555135 -0.570748 -0.581589
-0.535703 -0.559126 -0.566810
-0.521065 -0.541098 -0.547745
-0.499788 -0.529113 -0.521797
-0.481832 -0.520408 -0.508222
-0.470979 -0.498302 -0.497465
-0.459501 -0.483943 -0.481311
-0.447935 -0.465824 -0.466718
-0.436625 -0.445187 -0.443186
-0.422327 -0.422883 -0.424466
-0.408599 -0.407680 -0.412580
-0.395000 -0.391646 -0.396932
-0.382394 -0.369823 -0.378122
-0.362280 -0.351572 -0.352000
-0.351528 -0.337526 -0.331252
-0.339912 -0.323909 -0.318228
-0.322952 -0.305865 -0.304223
-0.310992 -0.286472 -0.286433
-0.288228 -0.267437 -0.270388
-0.275405 -0.256568 -0.248634
-0.254614 -0.238622 -0.236379
-0.240507 -0.229121 -0.216141
-0.231707 -0.210274 -0.204808
-0.209158 -0.193183 -0.181999
-0.197523 -0.178526 -0.167108
-0.179451 -0.163985 -0.154897
-0.165885 -0.152373 -0.137470
-0.150590 -0.141619 -0.127385
-0.141052 -0.128692 -0.113732
-0.122710 -0.113840 -0.102379
-0.109110 -0.103837 -0.084492
-0.098371 -0.083929 -0.073832
-0.077222 -0.072904 -0.065526
-0.067714 -0.062952 -0.052480
-0.051626 -0.047068 -0.045034
-0.043672 -0.038213 -0.035165
-0.027089 -0.025852 -0.023445
-0.018860 -0.018570 -0.010396
0.000000 0.000000 0.000000
0.009717 0.011902 0.012531
0.025515 0.025412 0.026729
0.031710 0.033546 0.033128
0.046960 0.047211 0.045127
0.059186 0.056724 0.059711
0.072042 0.069249 0.075090
0.085051 0.081121 0.085764
0.098427 0.094876 0.099985
0.109191 0.101933 0.112297
0.118768 0.108262 0.126480
0.129668 0.122027 0.135917
0.140106 0.135755 0.149485
0.154147 0.149319 0.165946
0.163894 0.160595 0.180230
0.173263 0.175265 0.200082
0.189203 0.188253 0.214243
0.199269 0.206112 0.228326
0.210369 0.219459 0.244018
0.225159 0.233496 0.258139
0.237915 0.245923 0.278153
0.245716 0.261120 0.291126
0.262560 0.275814 0.308459
0.277216 0.288026 0.321738
0.291330 0.298841 0.337384
0.311055 0.316483 0.346554
0.325998 0.328875 0.363303
0.341321 0.346654 0.377985
0.361087 0.356723 0.394020
0.378387 0.372376 0.404643
0.395424 0.386589 0.414562
0.410498 0.398436 0.436335
0.426939 0.415022 0.448952
0.444806 0.429240 0.463441
0.463124 0.444133 0.477967
0.474884 0.459642 0.493234
0.491008 0.470866 0.506730
0.503396 0.486383 0.521578
0.515432 0.502098 0.534727
0.527513 0.515574 0.550881
0.542244 0.533914 0.569845
0.556913 0.547941 0.582928
0.570060 0.566429 0.600623
0.584513 0.584107 0.612108
0.598055 0.602505 0.629887
0.617742 0.623420 0.651827
0.633472 0.644246 0.663781
0.650310 0.667638 0.674282
0.668962 0.691114 0.697527
0.692052 0.701813 0.712036
0.712068 0.710432 0.726068
0.731535 0.720357 0.740086
0.746043 0.727025 0.755759
0.760367 0.732555 0.772934
0.775625 0.747295 0.787508
0.781919 0.756227 0.800980
0.794671 0.770954 0.809261
0.811765 0.784738 0.832666
0.820957 0.799091 0.844386
0.837668 0.815389 0.860396
0.849336 0.831292 0.879482
0.861381 0.845042 0.893771
0.876602 0.859452 0.905397
0.894486 0.872559 0.921514
0.906309 0.889023 0.935643
0.921096 0.904204 0.956460
0.932243 0.923832 0.969190
0.948962 0.942871 0.987745
0.958231 0.962584 0.997778
0.975396 0.979449 1.014017
0.992379 0.999821 1.030298
1.013263 1.014385 1.045681
1.025229 1.034974 1.059414
1.047416 1.060937 1.074694
1.065157 1.081955 1.090090
1.088495 1.096477 1.100076
1.106038 1.105785 1.109977
1.119931 1.128434 1.124656
1.137397 1.141290 1.140260
1.149393 1.156504 1.157516
1.153245 1.167172 1.165916
1.173945 1.173199 1.182728
1.187124 1.182556 1.194148
1.200637 1.194550 1.207833
1.215478 1.203139 1.217395
1.236993 1.215371 1.230662
1.251066 1.235486 1.244105
1.267524 1.250477 1.262913
1.276701 1.266184 1.274596
1.301107 1.282222 1.281461
1.313457 1.295911 1.290201
1.330748 1.312071 1.292796
1.346098 1.330566 1.314778
1.361487 1.348101 1.332945
1.375964 1.366173 1.339955
1.402329 1.378584 1.348396
1.419175 1.395134 1.359300
1.424147 1.409121 1.367612
1.435262 1.424315 1.393812
1.447368 1.439152 1.408366
1.457675 1.454221 1.417220
1.479825 1.463721 1.435703
1.492481 1.480160 1.447024
1.509535 1.495863 1.458260
1.528100 1.510138 1.486786
1.541139 1.523209 1.500934
1.557775 1.534118 1.508965
1.575023 1.555749 1.532195
1.585918 1.569578 1.551632
1.603095 1.576785 1.567347
1.623282 1.594276 1.590284
1.644156 1.610966 1.600603
1.665127 1.630301 1.627284
1.679849 1.649660 1.652853
1.706877 1.676736 1.667634
1.716341 1.685323 1.705602
1.742329 1.711993 1.734978
1.760869 1.737135 1.728073
1.781812 1.752787 1.785949
1.813246 1.775513 1.774681
1.845768 1.812801 1.853287
1.886408 1.858458 1.845727
1.942889 1.915869 1.939674
2.041372 1.981474 2.052588
2.159663 2.081905 2.057780
2.220017 2.230591 2.273583
2.220017 2.230591 2.273583
2.220017 2.230591 2.273583